nProt	mean	stdev
3	15.134559999999997	4.893366285738275
4	30.33562	7.883442091853024
5	50.812629999999984	11.267030774924686
6	76.53128000000002	14.896984982257315
7	107.41086000000003	18.82096953029785
8	143.6796499999999	22.853199466978364
9	185.40141999999994	27.22548478877099
10	232.23533000000003	31.635115137945988
11	284.72911999999997	36.22347200401418
12	342.5453500000001	40.94589824851203
13	406.06146999999993	45.68878562009608
14	474.6128199999997	50.53295451136412
15	548.6255799999992	55.60761251540656
16	628.1879999999994	60.49563666910201
17	713.2652300000003	65.73349042190826
18	804.4464099999998	70.965501112244
19	900.3851500000004	76.35065231861155
20	1001.8156299999997	82.15967720057755
21	1109.6634399999991	87.5922153354189
22	1222.1411100000007	93.22125840154648
23	1340.5435699999994	99.16499564692722
24	1464.8858700000008	104.51637079588582
25	1594.0663000000002	110.38722328381117
26	1729.21767	116.23158413172858
27	1871.0210500000012	122.32140134456237
28	2018.0861899999993	128.5524521791938
29	2170.51296	134.2120346766205
30	2328.47425	140.9520934109795
31	2492.525520000002	146.86471812089385
32	2662.0179500000004	153.60009839774676
33	2837.392060000002	160.2921944105714
34	3017.335120000003	165.85083549559113
35	3204.032480000008	172.6549044338145
36	3395.636229999997	180.03744138758228
37	3593.928449999999	186.23393447650062
38	3798.5784199999935	192.16781590657592
39	4005.695340000004	198.41694283070797
40	4218.6657899999955	205.775356137891
41	4440.601140000021	212.03623056143127
42	4665.017939999996	220.6033727261585
43	4896.084049999998	226.97638869626394
44	5131.204699999993	233.68455922013743
45	5374.093189999998	241.0083201170116
46	5623.251130000008	247.91921693108665
47	5872.3541599999935	255.06237023656487
48	6131.800000000008	263.089520125755
49	6393.390079999998	269.1808364976848
50	6662.447990000003	277.16831134702255
51	6936.208350000006	283.28145350565654
52	7215.658000000005	292.07000173930896
53	7499.19443999999	299.72418122848626
54	7789.1787200000035	306.9169686725735
55	8085.35638	315.87302232589565
56	8386.64622000002	322.72976413667163
57	8692.034979999999	330.8692011904398
58	9004.507560000004	337.62142251765744
59	9323.45467000002	344.7109001543049
60	9643.724360000004	350.86660009552105
61	9971.930270000023	360.16458380541417
62	10306.460600000008	365.76071580698743
63	10645.18952999999	373.5504832126167
64	10993.040059999961	381.351654506961
65	11342.030459999996	387.1554549689157
66	11697.22284999999	392.63937493312767
67	12059.675849999978	400.4817727397559
68	12428.956179999981	406.0991332418813
69	12801.650240000008	412.72012530035687
70	13183.726890000014	417.9797773109704
71	13568.663819999996	425.9626107805793
72	13956.995249999987	430.25703465189025
73	14357.592009999997	438.5660998232311
74	14760.741799999994	443.3671611122768
75	15169.360329999947	449.7606563410051
76	15584.37909000002	454.0627432423544
77	16006.221079999974	460.9633129476075
78	16432.756799999996	466.7374955515782
79	16866.27868999998	471.47404221429235
80	17307.61414999998	477.0637848021766
81	17751.668689999995	483.02393160555005
82	18199.956729999994	486.9750504673791
83	18661.918980000006	492.86842483137417
84	19125.01683000009	498.95544613397203
85	19593.727060000034	503.4869122070168
86	20066.18054000001	510.98254786764375
87	20553.240179999964	514.8006971183776
88	21037.555320000003	520.1467905117719
89	21529.402519999956	524.2078356507559
90	22031.793870000045	531.2830731544377
91	22538.21738	533.1214990093115
92	23048.220610000004	540.5827925685643
93	23565.835850000014	545.327153133583
94	24087.455459999954	550.2349982291095
95	24617.27536000001	555.6938720526531
96	25151.583579999853	560.9048540834553
97	25696.28650000005	565.8333583819085
98	26238.531819999997	571.9290864674456
99	26793.983719999917	573.0720179654232
100	27352.569089999954	579.5591345036082
101	27913.569909999966	586.585608511317
102	28486.733719999942	589.4810805911953
103	29064.888239999993	591.6449905050346
104	29642.734250000023	597.470636974686
105	30231.84222999992	600.6278919918946
106	30826.515500000016	605.2631849036825
107	31424.387620000012	611.0915398127648
108	32031.782250000022	614.4989498403855
109	32645.840709999975	617.9542406656775
110	33262.31324999998	624.4069755251276
111	33878.67586999996	627.6052972288753
112	34517.44602	630.8529967957344
113	35147.74311999997	636.6196630427497
114	35792.353730000046	636.6994627491748
115	36438.777880000045	643.4751801761319
116	37092.362879999935	647.2147849501781
117	37749.96016000014	651.2580453651032
118	38413.269430000066	653.9819937715989
119	39084.86917	655.64098983629
120	39761.395169999996	658.983942892898
121	40443.91168999993	662.9564903606753
122	41137.47105000003	668.1985799011384
123	41829.74565000009	670.5714956483596
124	42529.68799999993	672.2389592667175
125	43237.064279999926	677.6725230877237
126	43952.93446000005	679.6536110435292
127	44670.99575999998	682.0548043244183
128	45396.24379000006	687.7802442905986
129	46130.27050000009	690.1619087502215
130	46860.551020000006	693.4905413608461
131	47605.92282999996	698.6639983531364
132	48357.8892	699.8798135275518
133	49114.39801999994	704.3847496220219
134	49871.941450000035	702.6755091661427
135	50638.164250000176	709.4175050644991
136	51412.6474600001	710.3581257334553
137	52187.24537000005	713.732088758494
138	52981.03819999984	714.4743670564816
139	53772.27830000003	718.5559386360331
140	54572.15850999995	720.1901425905384
141	55368.71665999997	722.9574258546932
142	56175.722470000095	725.9329171535747
143	56995.746230000084	725.7739468531415
144	57810.83194000013	729.5110975686644
145	58641.74308000004	730.3254658384249
146	59473.95064999996	728.1617844920029
147	60312.03116000015	731.9761401501111
148	61153.51070000018	729.741504236609
149	62003.42726999991	730.1552614001677
150	62857.75957999991	734.5673768404246
151	63716.25618000008	733.6416603027718
152	64583.43736000003	736.2803222117444
153	65457.59729999986	731.6527577975156
154	66331.00092999995	730.2387024590912
155	67216.53220000007	729.6761053941399
156	68097.78497000008	728.3421303289406
157	68991.46800000015	728.1632483969513
158	69891.15175000003	724.0740132900354
159	70789.65945999992	720.088432480697
160	71699.73624999989	718.9289224297061
161	72613.61426000012	716.382759748344
162	73529.53283999996	710.2544446052665
163	74455.57810999981	705.7834087585424
164	75381.70154000001	698.246036395216
165	76314.73631000033	693.7060535252554
166	77252.93125999994	688.4177546626834
167	78191.35750999981	679.369539511892
168	79136.36853000007	670.2531756699401
169	80088.45800999997	665.436975841319
170	81044.11410000027	653.8452115456618
171	82010.95250000001	641.3773392346751
172	82969.19475000013	633.5547719198692
173	83944.82281999999	619.36089525191
174	84915.49766	602.3087069057904
175	85893.16261999994	590.9332654325153
176	86875.81644000001	575.7384228325622
177	87867.06263999995	555.0538483392675
178	88856.30211999993	535.3474136703243
179	89854.34352999997	514.0124011316644
180	90857.7422000001	493.1161703687678
181	91865.99498999995	470.4038809840972
182	92883.29941000023	447.3478816353688
183	93907.47112000005	425.4705328996894
184	94936.86911000001	401.5507334793549
185	95974.79825000018	380.70547688066904
186	97018.23795999982	358.59119720796053
187	98067.49146999983	338.49982408745643
188	99118.59573999996	320.4973267187298
189	100173.54874000003	300.032861740864
190	101231.4903199999	282.022752852137
191	102291.3803999999	262.3186995923851
192	103360.49339999977	235.92988890015607
193	104457.12328000004	179.81948254302594
194	105601.49854	77.24192655461411
