FDR	Pval	#Go
0.0	1.9241407824380429E-13	2
0.0	9.620703912190214E-13	2
0.0	4.8103519560951065E-12	3
0.0	2.405175978047553E-11	6
0.0	1.2025879890237766E-10	10
0.0	6.012939945118883E-10	13
0.0	3.0064699725594415E-9	18
0.0	1.5032349862797207E-8	26
0.0	7.516174931398603E-8	38
0.0	3.758087465699302E-7	50
0.0	1.8790437328496509E-6	75
0.0	9.395218664248254E-6	95
0.0	4.697609332124127E-5	121
0.0	2.3488046660620634E-4	178
0.00911854103343465	0.0011744023330310317	329
0.03460207612456748	0.005872011665155158	578
0.10943396226415095	0.02936005832577579	795
0.2622133599202393	0.1	1003
0.26321036889332006	0.1005	1003
0.26321036889332006	0.101	1003
0.26321036889332006	0.1015	1003
0.2649402390438247	0.10200000000000001	1004
0.27794263105835804	0.10250000000000001	1011
0.27794263105835804	0.10300000000000001	1011
0.27794263105835804	0.10350000000000001	1011
0.2789317507418398	0.10400000000000001	1011
0.2799208704253215	0.10450000000000001	1011
0.2818991097922849	0.10500000000000001	1011
0.2828882294757666	0.10550000000000001	1011
0.3010648596321394	0.10600000000000001	1033
0.3010648596321394	0.10650000000000001	1033
0.3020329138431752	0.10700000000000001	1033
0.30464216634429403	0.10750000000000001	1033
0.30464216634429403	0.10800000000000001	1034
0.3065764023210832	0.10850000000000001	1034
0.30754352030947774	0.10900000000000001	1034
0.30947775628626695	0.10950000000000001	1034
0.3104448742746615	0.11000000000000001	1034
0.3104448742746615	0.11050000000000001	1034
0.3104448742746615	0.11100000000000002	1034
0.3104448742746615	0.11150000000000002	1034
0.3114119922630561	0.11200000000000002	1034
0.31237911025145065	0.11250000000000002	1034
0.31237911025145065	0.11300000000000002	1034
0.3130434782608696	0.11350000000000002	1035
0.3130434782608696	0.11400000000000002	1035
0.3130434782608696	0.11450000000000002	1035
0.3137065637065637	0.11500000000000002	1035
0.3137065637065637	0.11550000000000002	1036
0.31436837029893927	0.11600000000000002	1036
0.31436837029893927	0.11650000000000002	1037
0.3153326904532305	0.11700000000000002	1037
0.3159922928709056	0.11750000000000002	1038
0.3159922928709056	0.11800000000000002	1038
0.3159922928709056	0.11850000000000002	1038
0.31695568400770713	0.11900000000000002	1038
0.31695568400770713	0.11950000000000002	1038
0.31957773512476007	0.12000000000000002	1042
0.31957773512476007	0.12050000000000002	1042
0.31957773512476007	0.12100000000000002	1042
0.32053742802303264	0.12150000000000002	1042
0.32053742802303264	0.12200000000000003	1042
0.32149712092130517	0.12250000000000003	1042
0.32406519654841803	0.12300000000000003	1042
0.32406519654841803	0.12350000000000003	1043
0.3259827420901246	0.12400000000000003	1043
0.3260038240917782	0.12450000000000003	1044
0.3260038240917782	0.12500000000000003	1045
0.3260038240917782	0.12550000000000003	1046
0.32695984703632885	0.12600000000000003	1046
0.3279158699808795	0.12650000000000003	1046
0.32951289398280803	0.12700000000000003	1047
0.33046800382043934	0.12750000000000003	1047
0.33364750235626767	0.12800000000000003	1061
0.3355325164938737	0.12850000000000003	1061
0.3355325164938737	0.12900000000000003	1061
0.3364750235626767	0.12950000000000003	1061
0.3364750235626767	0.13000000000000003	1061
0.33866415804327377	0.13050000000000003	1062
0.33866415804327377	0.13100000000000003	1063
0.33866415804327377	0.13150000000000003	1063
0.33866415804327377	0.13200000000000003	1063
0.3396048918156162	0.13250000000000003	1063
0.3405456255879586	0.13300000000000003	1063
0.34116541353383456	0.13350000000000004	1064
0.34210526315789475	0.13400000000000004	1064
0.3430451127819549	0.13450000000000004	1064
0.34395501405810686	0.13500000000000004	1066
0.34395501405810686	0.13550000000000004	1066
0.34395501405810686	0.13600000000000004	1066
0.34395501405810686	0.13650000000000004	1067
0.34395501405810686	0.13700000000000004	1067
0.34395501405810686	0.13750000000000004	1067
0.34395501405810686	0.13800000000000004	1067
0.34395501405810686	0.13850000000000004	1067
0.3451492537313433	0.13900000000000004	1072
0.3451492537313433	0.13950000000000004	1072
0.3451492537313433	0.14000000000000004	1072
0.3451492537313433	0.14050000000000004	1072
0.3460820895522388	0.14100000000000004	1072
0.3460820895522388	0.14150000000000004	1072
0.3466915191053122	0.14200000000000004	1073
0.34762348555452005	0.14250000000000004	1073
0.34762348555452005	0.14300000000000004	1073
0.34851301115241634	0.14350000000000004	1075
0.34851301115241634	0.14400000000000004	1075
0.34851301115241634	0.14450000000000005	1076
0.34851301115241634	0.14500000000000005	1076
0.34851301115241634	0.14550000000000005	1076
0.34851301115241634	0.14600000000000005	1076
0.34944237918215615	0.14650000000000005	1076
0.34944237918215615	0.14700000000000005	1076
0.34944237918215615	0.14750000000000005	1076
0.34944237918215615	0.14800000000000005	1076
0.3506012950971323	0.14850000000000005	1080
0.3506012950971323	0.14900000000000005	1080
0.3506012950971323	0.14950000000000005	1081
0.36496350364963503	0.15000000000000005	1096
0.36496350364963503	0.15050000000000005	1096
0.365542388331814	0.15100000000000005	1096
0.365542388331814	0.15150000000000005	1096
0.365542388331814	0.15200000000000005	1097
0.365542388331814	0.15250000000000005	1097
0.365542388331814	0.15300000000000005	1097
0.366120218579235	0.15350000000000005	1098
0.366120218579235	0.15400000000000005	1098
0.3670309653916211	0.15450000000000005	1098
0.3697632058287796	0.15500000000000005	1098
0.3697632058287796	0.15550000000000005	1098
0.3697632058287796	0.15600000000000006	1098
0.3697632058287796	0.15650000000000006	1098
0.3697632058287796	0.15700000000000006	1098
0.37693006357856496	0.15750000000000006	1100
0.37693006357856496	0.15800000000000006	1100
0.37693006357856496	0.15850000000000006	1100
0.37693006357856496	0.15900000000000006	1101
0.37693006357856496	0.15950000000000006	1101
0.37693006357856496	0.16000000000000006	1101
0.3795289855072464	0.16050000000000006	1104
0.3804347826086957	0.16100000000000006	1104
0.3804347826086957	0.16150000000000006	1104
0.38086642599277976	0.16200000000000006	1104
0.38086642599277976	0.16250000000000006	1104
0.38086642599277976	0.16300000000000006	1108
0.3814247069431921	0.16350000000000006	1109
0.3846846846846847	0.16400000000000006	1110
0.3855855855855856	0.16450000000000006	1110
0.38613861386138615	0.16500000000000006	1111
0.38669064748201437	0.16550000000000006	1112
0.38724168912848156	0.16600000000000006	1113
0.3877917414721723	0.16650000000000006	1113
0.3877917414721723	0.16700000000000007	1113
0.3877917414721723	0.16750000000000007	1113
0.3877917414721723	0.16800000000000007	1114
0.3877917414721723	0.16850000000000007	1114
0.3877917414721723	0.16900000000000007	1114
0.3877917414721723	0.16950000000000007	1114
0.388689407540395	0.17000000000000007	1114
0.388689407540395	0.17050000000000007	1114
0.388689407540395	0.17100000000000007	1114
0.38913624220837045	0.17150000000000007	1115
0.38913624220837045	0.17200000000000007	1115
0.38913624220837045	0.17250000000000007	1115
0.38913624220837045	0.17300000000000007	1115
0.38913624220837045	0.17350000000000007	1116
0.38913624220837045	0.17400000000000007	1116
0.38913624220837045	0.17450000000000007	1116
0.38913624220837045	0.17500000000000007	1116
0.38913624220837045	0.17550000000000007	1120
0.38913624220837045	0.17600000000000007	1122
0.38913624220837045	0.17650000000000007	1122
0.38913624220837045	0.17700000000000007	1123
0.38913624220837045	0.17750000000000007	1123
0.39111111111111113	0.17800000000000007	1125
0.3930789707187223	0.17850000000000008	1127
0.3930789707187223	0.17900000000000008	1127
0.3948535936113576	0.17950000000000008	1127
0.39574090505767523	0.18000000000000008	1127
0.39574090505767523	0.18050000000000008	1127
0.39574090505767523	0.18100000000000008	1127
0.39574090505767523	0.18150000000000008	1127
0.3966282165039929	0.18200000000000008	1127
0.39946855624446415	0.18250000000000008	1129
0.4	0.18300000000000008	1130
0.4010507880910683	0.18350000000000008	1135
0.4010507880910683	0.18400000000000008	1135
0.4010507880910683	0.18450000000000008	1136
0.4010507880910683	0.18500000000000008	1136
0.4010507880910683	0.18550000000000008	1136
0.4010507880910683	0.18600000000000008	1136
0.4010507880910683	0.18650000000000008	1136
0.4010507880910683	0.18700000000000008	1142
0.40244969378827644	0.18750000000000008	1142
0.40244969378827644	0.18800000000000008	1142
0.40244969378827644	0.18850000000000008	1143
0.40244969378827644	0.18900000000000008	1143
0.4031413612565445	0.18950000000000009	1143
0.4031413612565445	0.19000000000000009	1146
0.4031413612565445	0.19050000000000009	1146
0.4044750430292599	0.1910000000000001	1161
0.4044750430292599	0.1915000000000001	1162
0.4056603773584906	0.1920000000000001	1163
0.4056603773584906	0.1925000000000001	1163
0.4056603773584906	0.1930000000000001	1163
0.4056603773584906	0.1935000000000001	1163
0.4056603773584906	0.1940000000000001	1164
0.4056603773584906	0.1945000000000001	1165
0.4056603773584906	0.1950000000000001	1165
0.4056603773584906	0.1955000000000001	1165
0.4056603773584906	0.1960000000000001	1165
0.4056603773584906	0.1965000000000001	1166
0.40823327615780447	0.1970000000000001	1166
0.4090909090909091	0.1975000000000001	1166
0.41080617495711835	0.1980000000000001	1166
0.41080617495711835	0.1985000000000001	1166
0.4130248500428449	0.1990000000000001	1167
0.4138817480719794	0.1995000000000001	1167
0.4138817480719794	0.2000000000000001	1167
0.4138817480719794	0.2005000000000001	1167
0.41730934018851756	0.2010000000000001	1167
0.4181662382176521	0.2015000000000001	1167
0.4190231362467866	0.2020000000000001	1167
0.4190231362467866	0.2025000000000001	1167
0.4190231362467866	0.2030000000000001	1167
0.4190231362467866	0.2035000000000001	1167
0.4198800342759212	0.2040000000000001	1167
0.4207369323050557	0.2045000000000001	1167
0.432523051131601	0.2050000000000001	1192
0.432523051131601	0.2055000000000001	1193
0.43419949706621963	0.2060000000000001	1193
0.43419949706621963	0.2065000000000001	1193
0.43419949706621963	0.2070000000000001	1193
0.43609022556390975	0.2075000000000001	1197
0.4369256474519632	0.2080000000000001	1197
0.4369256474519632	0.2085000000000001	1197
0.43833333333333335	0.2090000000000001	1200
0.43833333333333335	0.2095000000000001	1200
0.43833333333333335	0.2100000000000001	1200
0.43833333333333335	0.2105000000000001	1200
0.43833333333333335	0.2110000000000001	1200
0.43916666666666665	0.2115000000000001	1200
0.43963363863447125	0.2120000000000001	1201
0.43963363863447125	0.2125000000000001	1201
0.43963363863447125	0.2130000000000001	1201
0.4400998336106489	0.2135000000000001	1202
0.4405652535328346	0.2140000000000001	1202
0.4405652535328346	0.2145000000000001	1202
0.4405652535328346	0.2150000000000001	1202
0.4405652535328346	0.2155000000000001	1202
0.4405652535328346	0.2160000000000001	1202
0.4405652535328346	0.2165000000000001	1202
0.4405652535328346	0.2170000000000001	1202
0.4405652535328346	0.2175000000000001	1202
0.4405652535328346	0.2180000000000001	1202
0.4405652535328346	0.2185000000000001	1203
0.44139650872817954	0.2190000000000001	1203
0.44139650872817954	0.2195000000000001	1203
0.44139650872817954	0.2200000000000001	1203
0.44139650872817954	0.2205000000000001	1203
0.4426910299003322	0.2210000000000001	1204
0.4426910299003322	0.2215000000000001	1204
0.4426910299003322	0.22200000000000011	1204
0.4435215946843854	0.22250000000000011	1204
0.44481327800829873	0.22300000000000011	1204
0.44481327800829873	0.22350000000000012	1205
0.44481327800829873	0.22400000000000012	1205
0.4469320066334992	0.22450000000000012	1206
0.4469320066334992	0.22500000000000012	1206
0.44776119402985076	0.22550000000000012	1206
0.44776119402985076	0.22600000000000012	1206
0.44776119402985076	0.22650000000000012	1206
0.44859038142620233	0.22700000000000012	1206
0.44859038142620233	0.22750000000000012	1206
0.44859038142620233	0.22800000000000012	1206
0.4546204620462046	0.22850000000000012	1212
0.4558944765045342	0.22900000000000012	1213
0.4558944765045342	0.22950000000000012	1213
0.4558944765045342	0.23000000000000012	1213
0.4558944765045342	0.23050000000000012	1213
0.45671887881286066	0.23100000000000012	1213
0.45671887881286066	0.23150000000000012	1213
0.45671887881286066	0.23200000000000012	1213
0.45671887881286066	0.23250000000000012	1213
0.45754328112118714	0.23300000000000012	1213
0.45799011532125206	0.23350000000000012	1214
0.45799011532125206	0.23400000000000012	1214
0.45799011532125206	0.23450000000000013	1214
0.45799011532125206	0.23500000000000013	1214
0.4588138385502471	0.23550000000000013	1214
0.4594594594594595	0.23600000000000013	1221
0.4594594594594595	0.23650000000000013	1221
0.4594594594594595	0.23700000000000013	1221
0.46027846027846026	0.23750000000000013	1221
0.46027846027846026	0.23800000000000013	1221
0.4610974610974611	0.23850000000000013	1221
0.4610974610974611	0.23900000000000013	1221
0.46273546273546273	0.23950000000000013	1221
0.46273546273546273	0.24000000000000013	1221
0.46273546273546273	0.24050000000000013	1221
0.4632352941176471	0.24100000000000013	1221
0.4632352941176471	0.24150000000000013	1224
0.4632352941176471	0.24200000000000013	1224
0.4632352941176471	0.24250000000000013	1224
0.4636734693877551	0.24300000000000013	1224
0.4636734693877551	0.24350000000000013	1224
0.4636734693877551	0.24400000000000013	1224
0.4636734693877551	0.24450000000000013	1224
0.4636734693877551	0.24500000000000013	1224
0.4636734693877551	0.24550000000000013	1225
0.4636734693877551	0.24600000000000014	1225
0.46448979591836737	0.24650000000000014	1225
0.46530612244897956	0.24700000000000014	1225
0.4661224489795918	0.24750000000000014	1225
0.4669387755102041	0.24800000000000014	1225
0.4669926650366748	0.24850000000000014	1225
0.4669926650366748	0.24900000000000014	1227
0.4678076609616952	0.24950000000000014	1227
0.4678076609616952	0.2500000000000001	1227
0.4678076609616952	0.2505000000000001	1227
0.46862265688671556	0.2510000000000001	1227
0.4710676446617767	0.2515000000000001	1227
0.4710676446617767	0.2520000000000001	1227
0.4718826405867971	0.2525000000000001	1227
0.4731270358306189	0.2530000000000001	1228
0.4731270358306189	0.2535000000000001	1228
0.4739413680781759	0.2540000000000001	1228
0.4744939271255061	0.2545000000000001	1228
0.4744939271255061	0.2550000000000001	1229
0.4744939271255061	0.2555000000000001	1229
0.4744939271255061	0.2560000000000001	1229
0.4744939271255061	0.2565000000000001	1235
0.4744939271255061	0.2570000000000001	1235
0.4744939271255061	0.2575000000000001	1235
0.4744939271255061	0.2580000000000001	1235
0.4744939271255061	0.2585000000000001	1235
0.47530364372469636	0.2590000000000001	1235
0.4761133603238866	0.2595000000000001	1235
0.4761133603238866	0.2600000000000001	1235
0.4761133603238866	0.2605000000000001	1235
0.4761133603238866	0.2610000000000001	1235
0.4761133603238866	0.2615000000000001	1235
0.47692307692307695	0.2620000000000001	1235
0.4777327935222672	0.2625000000000001	1235
0.4785425101214575	0.2630000000000001	1235
0.4797734627831715	0.2635000000000001	1236
0.4797734627831715	0.2640000000000001	1236
0.4797734627831715	0.2645000000000001	1236
0.481421647819063	0.2650000000000001	1238
0.48189863234111024	0.2655000000000001	1238
0.48189863234111024	0.2660000000000001	1239
0.48189863234111024	0.2665000000000001	1239
0.48189863234111024	0.2670000000000001	1239
0.48189863234111024	0.2675000000000001	1239
0.48189863234111024	0.2680000000000001	1239
0.48189863234111024	0.2685000000000001	1239
0.48189863234111024	0.26900000000000013	1242
0.48189863234111024	0.26950000000000013	1243
0.4883534136546185	0.27000000000000013	1245
0.49523809523809526	0.27050000000000013	1260
0.49523809523809526	0.27100000000000013	1260
0.49523809523809526	0.27150000000000013	1260
0.49523809523809526	0.27200000000000013	1260
0.49603174603174605	0.27250000000000013	1260
0.49603174603174605	0.27300000000000013	1260
0.4960380348652932	0.27350000000000013	1261
0.4960380348652932	0.27400000000000013	1262
0.49841521394611726	0.27450000000000013	1262
0.49841521394611726	0.27500000000000013	1262
0.49841521394611726	0.27550000000000013	1262
0.49841521394611726	0.27600000000000013	1262
0.49841772151898733	0.27650000000000013	1264
0.49841772151898733	0.27700000000000014	1264
0.49920886075949367	0.27750000000000014	1264
0.49920886075949367	0.27800000000000014	1264
0.5007911392405063	0.27850000000000014	1264
0.5007911392405063	0.27900000000000014	1264
0.5007911392405063	0.27950000000000014	1264
0.5007911392405063	0.28000000000000014	1264
0.5039556962025317	0.28050000000000014	1264
0.5039556962025317	0.28100000000000014	1264
0.504746835443038	0.28150000000000014	1264
0.5051383399209486	0.28200000000000014	1265
0.5051383399209486	0.28250000000000014	1265
0.5059288537549407	0.28300000000000014	1265
0.5059288537549407	0.28350000000000014	1265
0.5067193675889328	0.28400000000000014	1265
0.5067193675889328	0.28450000000000014	1265
0.5067193675889328	0.28500000000000014	1265
0.5067193675889328	0.28550000000000014	1265
0.5074862096138691	0.28600000000000014	1265
0.5074862096138691	0.28650000000000014	1269
0.5090622537431048	0.28700000000000014	1269
0.5098502758077226	0.28750000000000014	1269
0.5106382978723404	0.28800000000000014	1269
0.5114263199369582	0.28850000000000015	1269
0.5114263199369582	0.28900000000000015	1269
0.5114263199369582	0.28950000000000015	1269
0.512214342001576	0.29000000000000015	1269
0.512214342001576	0.29050000000000015	1269
0.512214342001576	0.29100000000000015	1269
0.512214342001576	0.29150000000000015	1269
0.512214342001576	0.29200000000000015	1269
0.5149606299212598	0.29250000000000015	1270
0.515748031496063	0.29300000000000015	1270
0.5165354330708661	0.29350000000000015	1270
0.5165354330708661	0.29400000000000015	1270
0.5169158143194336	0.29450000000000015	1271
0.5169158143194336	0.29500000000000015	1271
0.5184893784421715	0.29550000000000015	1271
0.5204081632653061	0.29600000000000015	1274
0.521193092621664	0.29650000000000015	1274
0.521193092621664	0.29700000000000015	1274
0.521193092621664	0.29750000000000015	1274
0.521978021978022	0.29800000000000015	1274
0.521978021978022	0.29850000000000015	1274
0.521978021978022	0.29900000000000015	1274
0.521978021978022	0.29950000000000015	1274
0.5254901960784314	0.30000000000000016	1275
0.5254901960784314	0.30050000000000016	1275
0.5254901960784314	0.30100000000000016	1275
0.5254901960784314	0.30150000000000016	1275
0.5254901960784314	0.30200000000000016	1275
0.5254901960784314	0.30250000000000016	1275
0.5254901960784314	0.30300000000000016	1275
0.5262745098039215	0.30350000000000016	1275
0.5262745098039215	0.30400000000000016	1275
0.5270588235294118	0.30450000000000016	1275
0.5270588235294118	0.30500000000000016	1275
0.5270588235294118	0.30550000000000016	1275
0.5270588235294118	0.30600000000000016	1275
0.5270588235294118	0.30650000000000016	1275
0.527843137254902	0.30700000000000016	1275
0.527843137254902	0.30750000000000016	1275
0.527843137254902	0.30800000000000016	1275
0.5289968652037618	0.30850000000000016	1276
0.5293657008613939	0.30900000000000016	1277
0.5293657008613939	0.30950000000000016	1277
0.5320813771517997	0.31000000000000016	1278
0.5320813771517997	0.31050000000000016	1278
0.5320813771517997	0.31100000000000017	1278
0.5336463223787168	0.31150000000000017	1278
0.5347928068803753	0.31200000000000017	1279
0.5347928068803753	0.31250000000000017	1279
0.5355746677091477	0.31300000000000017	1279
0.5355746677091477	0.31350000000000017	1279
0.5355746677091477	0.31400000000000017	1279
0.5363565285379203	0.31450000000000017	1279
0.5470817120622569	0.31500000000000017	1284
0.5470817120622569	0.31550000000000017	1284
0.5470817120622569	0.31600000000000017	1284
0.5470817120622569	0.31650000000000017	1285
0.5470817120622569	0.31700000000000017	1285
0.5470817120622569	0.31750000000000017	1285
0.5470817120622569	0.31800000000000017	1285
0.5470817120622569	0.31850000000000017	1285
0.5478599221789884	0.3190000000000002	1285
0.5478599221789884	0.3195000000000002	1285
0.5478599221789884	0.3200000000000002	1285
0.5478599221789884	0.3205000000000002	1285
0.5486381322957199	0.3210000000000002	1285
0.5494163424124514	0.3215000000000002	1285
0.5494163424124514	0.3220000000000002	1285
0.5501165501165501	0.3225000000000002	1285
0.5501165501165501	0.3230000000000002	1285
0.5501165501165501	0.3235000000000002	1285
0.5501165501165501	0.3240000000000002	1285
0.5501165501165501	0.3245000000000002	1285
0.5501165501165501	0.3250000000000002	1285
0.5501165501165501	0.3255000000000002	1285
0.5501165501165501	0.3260000000000002	1285
0.5501165501165501	0.3265000000000002	1287
0.5508935508935509	0.3270000000000002	1287
0.5508935508935509	0.3275000000000002	1287
0.5566770186335404	0.3280000000000002	1288
0.5566770186335404	0.3285000000000002	1288
0.5574534161490683	0.3290000000000002	1288
0.5582298136645962	0.3295000000000002	1288
0.5590062111801242	0.3300000000000002	1288
0.5597826086956522	0.3305000000000002	1288
0.5612403100775194	0.3310000000000002	1289
0.5612403100775194	0.3315000000000002	1290
0.5612403100775194	0.3320000000000002	1290
0.5612403100775194	0.3325000000000002	1290
0.5612403100775194	0.3330000000000002	1290
0.562015503875969	0.3335000000000002	1290
0.562015503875969	0.3340000000000002	1290
0.5658914728682171	0.3345000000000002	1290
0.5658914728682171	0.3350000000000002	1290
0.5662277304415182	0.3355000000000002	1290
0.5662277304415182	0.3360000000000002	1290
0.5662277304415182	0.3365000000000002	1290
0.5662277304415182	0.3370000000000002	1290
0.5662277304415182	0.3375000000000002	1291
0.5662277304415182	0.3380000000000002	1291
0.5677769171185127	0.3385000000000002	1291
0.5696594427244582	0.3390000000000002	1292
0.5704334365325078	0.3395000000000002	1292
0.5704334365325078	0.3400000000000002	1292
0.5704334365325078	0.3405000000000002	1292
0.5712074303405573	0.3410000000000002	1292
0.5719814241486069	0.3415000000000002	1292
0.5719814241486069	0.3420000000000002	1292
0.5735294117647058	0.3425000000000002	1292
0.5735294117647058	0.3430000000000002	1292
0.5735294117647058	0.3435000000000002	1292
0.5735294117647058	0.3440000000000002	1292
0.5735294117647058	0.3445000000000002	1292
0.5910470409711684	0.3450000000000002	1317
0.5910470409711684	0.3455000000000002	1317
0.5910470409711684	0.3460000000000002	1317
0.5910470409711684	0.3465000000000002	1318
0.5910470409711684	0.3470000000000002	1318
0.5913570887035633	0.3475000000000002	1319
0.5913570887035633	0.3480000000000002	1319
0.5913570887035633	0.3485000000000002	1319
0.5928733889310084	0.3490000000000002	1319
0.5943896891584534	0.3495000000000002	1319
0.5946969696969697	0.3500000000000002	1319
0.5946969696969697	0.3505000000000002	1320
0.595003785011355	0.3510000000000002	1320
0.595003785011355	0.3515000000000002	1320
0.595003785011355	0.3520000000000002	1320
0.595003785011355	0.3525000000000002	1320
0.595003785011355	0.3530000000000002	1320
0.595003785011355	0.3535000000000002	1320
0.595003785011355	0.3540000000000002	1321
0.595003785011355	0.3545000000000002	1321
0.5957607872823618	0.3550000000000002	1321
0.5957607872823618	0.3555000000000002	1321
0.5957607872823618	0.3560000000000002	1321
0.5957607872823618	0.3565000000000002	1321
0.5957607872823618	0.3570000000000002	1321
0.5957607872823618	0.3575000000000002	1321
0.5957607872823618	0.3580000000000002	1321
0.5957607872823618	0.3585000000000002	1321
0.5965177895533686	0.3590000000000002	1321
0.5965177895533686	0.3595000000000002	1321
0.6018168054504164	0.3600000000000002	1321
0.6018168054504164	0.3605000000000002	1321
0.6018168054504164	0.3610000000000002	1321
0.6040723981900452	0.3615000000000002	1326
0.6055806938159879	0.3620000000000002	1326
0.6055806938159879	0.3625000000000002	1326
0.6110283159463488	0.3630000000000002	1337
0.6110283159463488	0.3635000000000002	1337
0.6110283159463488	0.3640000000000002	1337
0.6110283159463488	0.3645000000000002	1337
0.6110283159463488	0.3650000000000002	1337
0.6110283159463488	0.3655000000000002	1337
0.6110283159463488	0.3660000000000002	1337
0.6110283159463488	0.3665000000000002	1337
0.6110283159463488	0.3670000000000002	1337
0.6110283159463488	0.3675000000000002	1341
0.6110283159463488	0.3680000000000002	1342
0.6117734724292101	0.3685000000000002	1342
0.6117734724292101	0.3690000000000002	1342
0.6120625465376024	0.3695000000000002	1342
0.6120625465376024	0.3700000000000002	1343
0.6120625465376024	0.3705000000000002	1343
0.612807148175726	0.3710000000000002	1343
0.612807148175726	0.3715000000000002	1343
0.612807148175726	0.3720000000000002	1343
0.612807148175726	0.3725000000000002	1343
0.612807148175726	0.3730000000000002	1343
0.6135517498138496	0.3735000000000002	1343
0.6142963514519731	0.3740000000000002	1343
0.6153273809523809	0.3745000000000002	1344
0.6153273809523809	0.3750000000000002	1344
0.6171003717472119	0.3755000000000002	1345
0.6181277860326895	0.3760000000000002	1346
0.6196136701337296	0.3765000000000002	1346
0.6196136701337296	0.3770000000000002	1346
0.6196136701337296	0.3775000000000002	1346
0.6196136701337296	0.3780000000000002	1346
0.6196136701337296	0.3785000000000002	1346
0.6196136701337296	0.3790000000000002	1346
0.6203566121842496	0.3795000000000002	1346
0.6210995542347697	0.3800000000000002	1346
0.6210995542347697	0.3805000000000002	1346
0.6210995542347697	0.3810000000000002	1346
0.6210995542347697	0.38150000000000023	1346
0.6210995542347697	0.38200000000000023	1346
0.6210995542347697	0.38250000000000023	1346
0.6210995542347697	0.38300000000000023	1346
0.6225854383358098	0.38350000000000023	1346
0.6225854383358098	0.38400000000000023	1346
0.6233283803863299	0.38450000000000023	1346
0.6240713224368499	0.38500000000000023	1346
0.6292719167904903	0.38550000000000023	1346
0.6292719167904903	0.38600000000000023	1346
0.6300148588410104	0.38650000000000023	1346
0.6300148588410104	0.38700000000000023	1346
0.6300148588410104	0.38750000000000023	1346
0.6300148588410104	0.38800000000000023	1346
0.6307578008915304	0.38850000000000023	1346
0.6307578008915304	0.38900000000000023	1346
0.6307578008915304	0.38950000000000023	1346
0.6310319227913883	0.39000000000000024	1347
0.6317743132887899	0.39050000000000024	1347
0.6325167037861915	0.39100000000000024	1347
0.6342182890855457	0.39150000000000024	1347
0.6342182890855457	0.39200000000000024	1347
0.6342182890855457	0.39250000000000024	1347
0.6342182890855457	0.39300000000000024	1347
0.6342182890855457	0.39350000000000024	1347
0.6342182890855457	0.39400000000000024	1347
0.6342182890855457	0.39450000000000024	1347
0.6342182890855457	0.39500000000000024	1347
0.6342182890855457	0.39550000000000024	1347
0.6342182890855457	0.39600000000000024	1347
0.6342182890855457	0.39650000000000024	1349
0.6342182890855457	0.39700000000000024	1349
0.6342182890855457	0.39750000000000024	1356
0.6356932153392331	0.39800000000000024	1356
0.6359616801768607	0.39850000000000024	1357
0.6359616801768607	0.39900000000000024	1357
0.6359616801768607	0.39950000000000024	1357
0.6359616801768607	0.40000000000000024	1357
0.6366300366300366	0.40050000000000024	1357
0.6366300366300366	0.40100000000000025	1357
0.6366300366300366	0.40150000000000025	1358
0.6366300366300366	0.40200000000000025	1358
0.6366300366300366	0.40250000000000025	1358
0.6366300366300366	0.40300000000000025	1359
0.6366300366300366	0.40350000000000025	1359
0.6366300366300366	0.40400000000000025	1360
0.6366300366300366	0.40450000000000025	1360
0.6366300366300366	0.40500000000000025	1360
0.6366300366300366	0.40550000000000025	1360
0.6366300366300366	0.40600000000000025	1360
0.6366300366300366	0.40650000000000025	1360
0.6366300366300366	0.40700000000000025	1361
0.6366300366300366	0.40750000000000025	1361
0.6366300366300366	0.40800000000000025	1364
0.6366300366300366	0.40850000000000025	1364
0.6366300366300366	0.40900000000000025	1365
0.6373626373626373	0.40950000000000025	1365
0.638095238095238	0.41000000000000025	1365
0.6388278388278388	0.41050000000000025	1365
0.6410256410256411	0.41100000000000025	1365
0.6410256410256411	0.41150000000000025	1365
0.6430138990490124	0.41200000000000025	1367
0.6447368421052632	0.41250000000000026	1368
0.6447368421052632	0.41300000000000026	1368
0.6564774381368268	0.41350000000000026	1374
0.6564774381368268	0.41400000000000026	1374
0.6564774381368268	0.41450000000000026	1374
0.6579330422125182	0.41500000000000026	1374
0.6579330422125182	0.41550000000000026	1374
0.6593886462882096	0.41600000000000026	1374
0.6593886462882096	0.41650000000000026	1374
0.6593886462882096	0.41700000000000026	1374
0.6603636363636364	0.41750000000000026	1375
0.6603636363636364	0.41800000000000026	1375
0.6613372093023255	0.41850000000000026	1376
0.6613372093023255	0.41900000000000026	1376
0.6613372093023255	0.41950000000000026	1376
0.6613372093023255	0.42000000000000026	1376
0.6620639534883721	0.42050000000000026	1376
0.6623093681917211	0.42100000000000026	1376
0.6623093681917211	0.42150000000000026	1377
0.6623093681917211	0.42200000000000026	1377
0.6623093681917211	0.42250000000000026	1377
0.6640058055152395	0.42300000000000026	1377
0.6640058055152395	0.42350000000000027	1377
0.6640058055152395	0.42400000000000027	1377
0.6640058055152395	0.42450000000000027	1377
0.6640058055152395	0.42500000000000027	1377
0.6640058055152395	0.42550000000000027	1378
0.6764285714285714	0.42600000000000027	1400
0.6785714285714286	0.42650000000000027	1400
0.6785714285714286	0.42700000000000027	1400
0.6785714285714286	0.42750000000000027	1400
0.6792857142857143	0.42800000000000027	1400
0.6795146324054246	0.42850000000000027	1400
0.6795146324054246	0.42900000000000027	1400
0.6795146324054246	0.42950000000000027	1400
0.6795146324054246	0.43000000000000027	1401
0.6795146324054246	0.43050000000000027	1401
0.6795146324054246	0.43100000000000027	1401
0.6802284082798001	0.43150000000000027	1401
0.6833095577746077	0.4320000000000003	1402
0.6833095577746077	0.4325000000000003	1402
0.6839488636363636	0.4330000000000003	1402
0.6839488636363636	0.4335000000000003	1403
0.6839488636363636	0.4340000000000003	1403
0.6839488636363636	0.4345000000000003	1403
0.6839488636363636	0.4350000000000003	1403
0.6839488636363636	0.4355000000000003	1404
0.6839488636363636	0.4360000000000003	1404
0.6839488636363636	0.4365000000000003	1405
0.6839488636363636	0.4370000000000003	1408
0.6853693181818182	0.4375000000000003	1408
0.6853693181818182	0.4380000000000003	1408
0.6853693181818182	0.4385000000000003	1408
0.687721788502484	0.4390000000000003	1409
0.6884315117104329	0.4395000000000003	1409
0.6884315117104329	0.4400000000000003	1409
0.6884315117104329	0.4405000000000003	1409
0.6884315117104329	0.4410000000000003	1409
0.6898509581263307	0.4415000000000003	1409
0.6912704045422285	0.4420000000000003	1409
0.6912704045422285	0.4425000000000003	1409
0.6914366595895258	0.4430000000000003	1411
0.6914366595895258	0.4435000000000003	1411
0.6914366595895258	0.4440000000000003	1411
0.6914366595895258	0.4445000000000003	1411
0.6914366595895258	0.4450000000000003	1411
0.6914366595895258	0.4455000000000003	1413
0.6914366595895258	0.4460000000000003	1413
0.6914366595895258	0.4465000000000003	1413
0.6914366595895258	0.4470000000000003	1413
0.6928520877565464	0.4475000000000003	1413
0.6928520877565464	0.4480000000000003	1413
0.6928520877565464	0.4485000000000003	1413
0.6928520877565464	0.4490000000000003	1413
0.6928520877565464	0.4495000000000003	1413
0.6928520877565464	0.4500000000000003	1413
0.6928520877565464	0.4505000000000003	1413
0.6928520877565464	0.4510000000000003	1413
0.6928520877565464	0.4515000000000003	1413
0.6928520877565464	0.4520000000000003	1413
0.6928520877565464	0.4525000000000003	1413
0.6928520877565464	0.4530000000000003	1413
0.6935598018400566	0.4535000000000003	1413
0.6942675159235668	0.4540000000000003	1413
0.6942675159235668	0.4545000000000003	1413
0.6954063604240283	0.4550000000000003	1415
0.6954063604240283	0.4555000000000003	1415
0.6954063604240283	0.4560000000000003	1415
0.696113074204947	0.4565000000000003	1415
0.696113074204947	0.4570000000000003	1415
0.696113074204947	0.4575000000000003	1415
0.6963276836158192	0.4580000000000003	1415
0.6963276836158192	0.4585000000000003	1415
0.6963276836158192	0.4590000000000003	1415
0.6963276836158192	0.4595000000000003	1415
0.6963276836158192	0.4600000000000003	1416
0.6970338983050848	0.4605000000000003	1416
0.6977401129943502	0.4610000000000003	1416
0.6977401129943502	0.4615000000000003	1416
0.6984463276836158	0.4620000000000003	1416
0.6984463276836158	0.4625000000000003	1416
0.6984463276836158	0.4630000000000003	1416
0.6984463276836158	0.4635000000000003	1416
0.6984463276836158	0.4640000000000003	1416
0.6984463276836158	0.4645000000000003	1416
0.7073342736248237	0.4650000000000003	1418
0.7073342736248237	0.4655000000000003	1418
0.7115655853314528	0.4660000000000003	1418
0.711768851303735	0.4665000000000003	1419
0.711768851303735	0.4670000000000003	1419
0.7124735729386892	0.4675000000000003	1419
0.7155898876404494	0.4680000000000003	1422
0.7155898876404494	0.4685000000000003	1422
0.7155898876404494	0.4690000000000003	1424
0.7155898876404494	0.4695000000000003	1424
0.7155898876404494	0.4700000000000003	1424
0.7155898876404494	0.4705000000000003	1424
0.7162921348314607	0.4710000000000003	1424
0.7162921348314607	0.4715000000000003	1424
0.7162921348314607	0.4720000000000003	1424
0.7162921348314607	0.4725000000000003	1424
0.7162921348314607	0.4730000000000003	1424
0.7164912280701754	0.4735000000000003	1425
0.7164912280701754	0.4740000000000003	1425
0.7164912280701754	0.4745000000000003	1425
0.7178947368421053	0.4750000000000003	1425
0.7185964912280701	0.4755000000000003	1425
0.7185964912280701	0.4760000000000003	1425
0.72	0.4765000000000003	1425
0.72	0.4770000000000003	1425
0.72	0.4775000000000003	1425
0.72	0.4780000000000003	1425
0.7228070175438597	0.4785000000000003	1425
0.7228070175438597	0.4790000000000003	1425
0.7228070175438597	0.4795000000000003	1425
0.7228070175438597	0.4800000000000003	1425
0.7242105263157895	0.4805000000000003	1425
0.7242105263157895	0.4810000000000003	1425
0.7249122807017544	0.4815000000000003	1425
0.7249122807017544	0.4820000000000003	1425
0.7249122807017544	0.4825000000000003	1425
0.7253668763102725	0.4830000000000003	1425
0.7253668763102725	0.4835000000000003	1425
0.7253668763102725	0.4840000000000003	1425
0.7253668763102725	0.4845000000000003	1425
0.7253668763102725	0.4850000000000003	1425
0.7253668763102725	0.4855000000000003	1428
0.7253668763102725	0.4860000000000003	1428
0.7253668763102725	0.4865000000000003	1430
0.7253668763102725	0.4870000000000003	1430
0.7253668763102725	0.4875000000000003	1430
0.7253668763102725	0.4880000000000003	1431
0.726764500349406	0.4885000000000003	1431
0.726764500349406	0.4890000000000003	1431
0.7274633123689728	0.4895000000000003	1431
0.7281621243885394	0.4900000000000003	1431
0.7281621243885394	0.4905000000000003	1431
0.7302585604472397	0.4910000000000003	1431
0.7302585604472397	0.4915000000000003	1431
0.7302585604472397	0.4920000000000003	1431
0.7302585604472397	0.4925000000000003	1431
0.7302585604472397	0.4930000000000003	1431
0.7337526205450734	0.4935000000000003	1431
0.7337526205450734	0.4940000000000003	1431
0.7337526205450734	0.49450000000000033	1431
0.7337526205450734	0.49500000000000033	1431
0.7337526205450734	0.49550000000000033	1431
0.7348220516399162	0.49600000000000033	1432
0.7348220516399162	0.49650000000000033	1433
0.7348220516399162	0.49700000000000033	1433
0.7348220516399162	0.49750000000000033	1433
0.735519888346127	0.49800000000000033	1433
0.735519888346127	0.49850000000000033	1433
0.7369155617585486	0.49900000000000033	1433
0.7369155617585486	0.49950000000000033	1433
0.7369155617585486	0.5000000000000003	1433
0.7369155617585486	0.5005000000000003	1433
0.7369155617585486	0.5010000000000002	1433
0.7369155617585486	0.5015000000000002	1433
0.7369155617585486	0.5020000000000001	1433
0.7369155617585486	0.5025000000000001	1433
0.7369155617585486	0.503	1433
0.7376133984647593	0.5035	1433
0.73831123517097	0.5039999999999999	1433
0.7404047452896022	0.5044999999999998	1433
0.7404047452896022	0.5049999999999998	1433
0.7404047452896022	0.5054999999999997	1433
0.7407665505226481	0.5059999999999997	1433
0.7407665505226481	0.5064999999999996	1433
0.7407665505226481	0.5069999999999996	1433
0.7407665505226481	0.5074999999999995	1435
0.7421602787456446	0.5079999999999995	1435
0.7421602787456446	0.5084999999999994	1435
0.7428571428571429	0.5089999999999993	1435
0.7428571428571429	0.5094999999999993	1435
0.7435540069686412	0.5099999999999992	1435
0.7549759780370625	0.5104999999999992	1454
0.7549759780370625	0.5109999999999991	1454
0.7549759780370625	0.5114999999999991	1454
0.7549759780370625	0.511999999999999	1454
0.7549759780370625	0.512499999999999	1454
0.7549759780370625	0.5129999999999989	1454
0.7549759780370625	0.5134999999999988	1455
0.7549759780370625	0.5139999999999988	1455
0.7549759780370625	0.5144999999999987	1455
0.7549759780370625	0.5149999999999987	1455
0.7549759780370625	0.5154999999999986	1455
0.7549759780370625	0.5159999999999986	1457
0.7549759780370625	0.5164999999999985	1457
0.764344262295082	0.5169999999999985	1464
0.764344262295082	0.5174999999999984	1464
0.764344262295082	0.5179999999999984	1464
0.764344262295082	0.5184999999999983	1464
0.764344262295082	0.5189999999999982	1464
0.7657103825136612	0.5194999999999982	1464
0.7657103825136612	0.5199999999999981	1464
0.7668711656441718	0.5204999999999981	1467
0.7668711656441718	0.520999999999998	1467
0.7668711656441718	0.521499999999998	1467
0.7668711656441718	0.5219999999999979	1467
0.7668711656441718	0.5224999999999979	1467
0.7682344921608726	0.5229999999999978	1467
0.7682344921608726	0.5234999999999977	1467
0.7682344921608726	0.5239999999999977	1467
0.7683923705722071	0.5244999999999976	1468
0.7683923705722071	0.5249999999999976	1468
0.7690735694822888	0.5254999999999975	1468
0.7697547683923706	0.5259999999999975	1468
0.7697547683923706	0.5264999999999974	1468
0.7697547683923706	0.5269999999999974	1468
0.7704359673024523	0.5274999999999973	1468
0.771117166212534	0.5279999999999972	1468
0.771117166212534	0.5284999999999972	1468
0.7717983651226158	0.5289999999999971	1468
0.7727891156462585	0.5294999999999971	1469
0.7727891156462585	0.529999999999997	1469
0.7727891156462585	0.530499999999997	1469
0.7727891156462585	0.5309999999999969	1470
0.7748299319727892	0.5314999999999969	1470
0.7748299319727892	0.5319999999999968	1470
0.7748299319727892	0.5324999999999968	1470
0.7748299319727892	0.5329999999999967	1470
0.7755102040816326	0.5334999999999966	1470
0.7755102040816326	0.5339999999999966	1470
0.7755102040816326	0.5344999999999965	1470
0.7768707482993197	0.5349999999999965	1470
0.7770224337185588	0.5354999999999964	1471
0.7770224337185588	0.5359999999999964	1471
0.7770224337185588	0.5364999999999963	1471
0.7770224337185588	0.5369999999999963	1471
0.7771739130434783	0.5374999999999962	1471
0.7771739130434783	0.5379999999999961	1471
0.7771739130434783	0.5384999999999961	1471
0.7771739130434783	0.538999999999996	1471
0.7771739130434783	0.539499999999996	1471
0.7771739130434783	0.5399999999999959	1471
0.7771739130434783	0.5404999999999959	1472
0.7822252374491181	0.5409999999999958	1472
0.7822252374491181	0.5414999999999958	1474
0.7829036635006784	0.5419999999999957	1474
0.7835820895522388	0.5424999999999957	1474
0.7835820895522388	0.5429999999999956	1474
0.7835820895522388	0.5434999999999955	1474
0.7835820895522388	0.5439999999999955	1474
0.783728813559322	0.5444999999999954	1475
0.783728813559322	0.5449999999999954	1475
0.783728813559322	0.5454999999999953	1475
0.783728813559322	0.5459999999999953	1475
0.783728813559322	0.5464999999999952	1475
0.783728813559322	0.5469999999999952	1475
0.7858108108108108	0.5474999999999951	1475
0.7858108108108108	0.547999999999995	1475
0.7858108108108108	0.548499999999995	1475
0.7858108108108108	0.5489999999999949	1475
0.7858108108108108	0.5494999999999949	1475
0.7858108108108108	0.5499999999999948	1475
0.7858108108108108	0.5504999999999948	1475
0.7858108108108108	0.5509999999999947	1475
0.7858108108108108	0.5514999999999947	1475
0.7858108108108108	0.5519999999999946	1476
0.7858108108108108	0.5524999999999946	1476
0.7858108108108108	0.5529999999999945	1476
0.7858108108108108	0.5534999999999944	1476
0.7858108108108108	0.5539999999999944	1476
0.7858108108108108	0.5544999999999943	1476
0.7858108108108108	0.5549999999999943	1476
0.7858108108108108	0.5554999999999942	1476
0.7858108108108108	0.5559999999999942	1476
0.7858108108108108	0.5564999999999941	1476
0.7858108108108108	0.556999999999994	1480
0.7864864864864864	0.557499999999994	1480
0.7871621621621622	0.557999999999994	1480
0.7871621621621622	0.5584999999999939	1480
0.7878378378378378	0.5589999999999938	1480
0.7878378378378378	0.5594999999999938	1480
0.7878378378378378	0.5599999999999937	1480
0.7894736842105263	0.5604999999999937	1480
0.7894736842105263	0.5609999999999936	1480
0.7894736842105263	0.5614999999999936	1480
0.7894736842105263	0.5619999999999935	1480
0.7894736842105263	0.5624999999999934	1482
0.7894736842105263	0.5629999999999934	1482
0.7894736842105263	0.5634999999999933	1482
0.7894736842105263	0.5639999999999933	1482
0.7901484480431848	0.5644999999999932	1482
0.7908232118758435	0.5649999999999932	1482
0.7911051212938005	0.5654999999999931	1482
0.7911051212938005	0.5659999999999931	1484
0.7912457912457912	0.566499999999993	1485
0.7912457912457912	0.566999999999993	1485
0.7912457912457912	0.5674999999999929	1485
0.7912457912457912	0.5679999999999928	1485
0.7912457912457912	0.5684999999999928	1485
0.7935656836461126	0.5689999999999927	1492
0.7942359249329759	0.5694999999999927	1492
0.7942359249329759	0.5699999999999926	1492
0.7942359249329759	0.5704999999999926	1492
0.7942359249329759	0.5709999999999925	1492
0.7942359249329759	0.5714999999999925	1492
0.7949061662198391	0.5719999999999924	1492
0.796383121232418	0.5724999999999923	1493
0.796383121232418	0.5729999999999923	1493
0.796383121232418	0.5734999999999922	1493
0.796383121232418	0.5739999999999922	1493
0.7990622906898861	0.5744999999999921	1493
0.7990622906898861	0.5749999999999921	1493
0.7990622906898861	0.575499999999992	1493
0.7990622906898861	0.575999999999992	1493
0.7990622906898861	0.5764999999999919	1493
0.8025435073627845	0.5769999999999919	1494
0.8033444816053512	0.5774999999999918	1494
0.8033444816053512	0.5779999999999917	1494
0.8033444816053512	0.5784999999999917	1494
0.8033444816053512	0.5789999999999916	1494
0.8033444816053512	0.5794999999999916	1495
0.8033444816053512	0.5799999999999915	1495
0.8033444816053512	0.5804999999999915	1495
0.8033444816053512	0.5809999999999914	1495
0.8040133779264214	0.5814999999999914	1495
0.8040133779264214	0.5819999999999913	1495
0.8040133779264214	0.5824999999999912	1495
0.8040133779264214	0.5829999999999912	1495
0.8057409879839786	0.5834999999999911	1497
0.8057409879839786	0.5839999999999911	1498
0.8057409879839786	0.584499999999991	1498
0.8070761014686249	0.584999999999991	1498
0.8070761014686249	0.5854999999999909	1498
0.8070761014686249	0.5859999999999909	1498
0.8070761014686249	0.5864999999999908	1498
0.807743658210948	0.5869999999999908	1498
0.807743658210948	0.5874999999999907	1498
0.807743658210948	0.5879999999999906	1498
0.807743658210948	0.5884999999999906	1498
0.807743658210948	0.5889999999999905	1498
0.807743658210948	0.5894999999999905	1498
0.807743658210948	0.5899999999999904	1498
0.807743658210948	0.5904999999999904	1498
0.807743658210948	0.5909999999999903	1498
0.8084112149532711	0.5914999999999903	1498
0.8084112149532711	0.5919999999999902	1498
0.8084112149532711	0.5924999999999901	1498
0.8097463284379173	0.5929999999999901	1498
0.8097463284379173	0.59349999999999	1498
0.8220899470899471	0.59399999999999	1511
0.8220899470899471	0.5944999999999899	1512
0.8220899470899471	0.5949999999999899	1512
0.8220899470899471	0.5954999999999898	1512
0.8220899470899471	0.5959999999999898	1512
0.8227513227513228	0.5964999999999897	1512
0.8236842105263158	0.5969999999999897	1512
0.8236842105263158	0.5974999999999896	1512
0.8236842105263158	0.5979999999999895	1512
0.8236842105263158	0.5984999999999895	1513
0.8236842105263158	0.5989999999999894	1513
0.8236842105263158	0.5994999999999894	1513
0.8236842105263158	0.5999999999999893	1513
0.8236842105263158	0.6004999999999893	1513
0.8236842105263158	0.6009999999999892	1513
0.8236842105263158	0.6014999999999892	1518
0.8236842105263158	0.6019999999999891	1518
0.8236842105263158	0.602499999999989	1518
0.8236842105263158	0.602999999999989	1518
0.8236842105263158	0.6034999999999889	1518
0.8236842105263158	0.6039999999999889	1518
0.8236842105263158	0.6044999999999888	1520
0.8236842105263158	0.6049999999999888	1520
0.8243421052631579	0.6054999999999887	1520
0.8243421052631579	0.6059999999999887	1520
0.8243421052631579	0.6064999999999886	1520
0.8243421052631579	0.6069999999999885	1520
0.8244575936883629	0.6074999999999885	1520
0.8244575936883629	0.6079999999999884	1520
0.8244575936883629	0.6084999999999884	1520
0.8244575936883629	0.6089999999999883	1521
0.8257725180802103	0.6094999999999883	1521
0.8257725180802103	0.6099999999999882	1521
0.8257725180802103	0.6104999999999882	1521
0.8257725180802103	0.6109999999999881	1521
0.8257725180802103	0.611499999999988	1521
0.8257725180802103	0.611999999999988	1521
0.8298291721419185	0.6124999999999879	1522
0.8298291721419185	0.6129999999999879	1522
0.8298291721419185	0.6134999999999878	1522
0.8298291721419185	0.6139999999999878	1522
0.8298291721419185	0.6144999999999877	1522
0.831143232588699	0.6149999999999877	1522
0.831143232588699	0.6154999999999876	1522
0.8312541037426132	0.6159999999999876	1522
0.8312541037426132	0.6164999999999875	1523
0.8312541037426132	0.6169999999999874	1523
0.8321311475409836	0.6174999999999874	1523
0.8321311475409836	0.6179999999999873	1523
0.8321311475409836	0.6184999999999873	1523
0.8321311475409836	0.6189999999999872	1525
0.8321311475409836	0.6194999999999872	1525
0.842174197773412	0.6199999999999871	1527
0.842174197773412	0.6204999999999871	1527
0.842174197773412	0.620999999999987	1527
0.8428290766208252	0.621499999999987	1527
0.8428290766208252	0.6219999999999869	1527
0.8428290766208252	0.6224999999999868	1527
0.8428290766208252	0.6229999999999868	1527
0.8428290766208252	0.6234999999999867	1527
0.8428290766208252	0.6239999999999867	1527
0.8428290766208252	0.6244999999999866	1527
0.8441388343156516	0.6249999999999866	1527
0.8447937131630648	0.6254999999999865	1527
0.8447937131630648	0.6259999999999865	1527
0.8447937131630648	0.6264999999999864	1527
0.8447937131630648	0.6269999999999863	1527
0.8480681074001309	0.6274999999999863	1527
0.8480681074001309	0.6279999999999862	1527
0.8480681074001309	0.6284999999999862	1527
0.8480681074001309	0.6289999999999861	1527
0.8480681074001309	0.6294999999999861	1527
0.8487229862475442	0.629999999999986	1527
0.8487229862475442	0.630499999999986	1527
0.8493778650949574	0.6309999999999859	1527
0.8500327439423707	0.6314999999999859	1527
0.8500327439423707	0.6319999999999858	1527
0.850130890052356	0.6324999999999857	1527
0.850130890052356	0.6329999999999857	1527
0.850130890052356	0.6334999999999856	1527
0.850130890052356	0.6339999999999856	1528
0.850130890052356	0.6344999999999855	1528
0.850130890052356	0.6349999999999855	1528
0.8503267973856209	0.6354999999999854	1528
0.8503267973856209	0.6359999999999854	1528
0.8503267973856209	0.6364999999999853	1528
0.8503267973856209	0.6369999999999852	1528
0.8503267973856209	0.6374999999999852	1530
0.8503267973856209	0.6379999999999851	1530
0.8509803921568627	0.6384999999999851	1530
0.8509803921568627	0.638999999999985	1530
0.8509803921568627	0.639499999999985	1530
0.8509803921568627	0.6399999999999849	1530
0.8509803921568627	0.6404999999999849	1530
0.8509803921568627	0.6409999999999848	1530
0.8516339869281045	0.6414999999999847	1530
0.8516339869281045	0.6419999999999847	1530
0.8516339869281045	0.6424999999999846	1530
0.8516339869281045	0.6429999999999846	1530
0.8516339869281045	0.6434999999999845	1530
0.8516339869281045	0.6439999999999845	1530
0.8522875816993464	0.6444999999999844	1530
0.85359477124183	0.6449999999999844	1530
0.8542483660130719	0.6454999999999843	1530
0.8542483660130719	0.6459999999999843	1530
0.8542483660130719	0.6464999999999842	1530
0.8576051779935275	0.6469999999999841	1532
0.8576051779935275	0.6474999999999841	1532
0.8576051779935275	0.647999999999984	1532
0.8576051779935275	0.648499999999984	1532
0.8576051779935275	0.6489999999999839	1532
0.8576051779935275	0.6494999999999839	1532
0.8576051779935275	0.6499999999999838	1532
0.8576051779935275	0.6504999999999838	1534
0.8576051779935275	0.6509999999999837	1534
0.8576051779935275	0.6514999999999836	1534
0.8576051779935275	0.6519999999999836	1534
0.8576051779935275	0.6524999999999835	1534
0.8576051779935275	0.6529999999999835	1534
0.8576051779935275	0.6534999999999834	1534
0.8576051779935275	0.6539999999999834	1534
0.8576051779935275	0.6544999999999833	1534
0.8576051779935275	0.6549999999999833	1535
0.8576051779935275	0.6554999999999832	1536
0.8576051779935275	0.6559999999999832	1536
0.8576051779935275	0.6564999999999831	1536
0.8576051779935275	0.656999999999983	1538
0.8576051779935275	0.657499999999983	1538
0.8576051779935275	0.6579999999999829	1538
0.8576051779935275	0.6584999999999829	1538
0.8576051779935275	0.6589999999999828	1538
0.8576051779935275	0.6594999999999828	1538
0.8576051779935275	0.6599999999999827	1538
0.8576051779935275	0.6604999999999827	1538
0.8576051779935275	0.6609999999999826	1538
0.8576051779935275	0.6614999999999825	1538
0.8576051779935275	0.6619999999999825	1538
0.8576051779935275	0.6624999999999824	1539
0.8576051779935275	0.6629999999999824	1539
0.8576051779935275	0.6634999999999823	1539
0.8576051779935275	0.6639999999999823	1539
0.8576051779935275	0.6644999999999822	1539
0.8576051779935275	0.6649999999999822	1539
0.8576051779935275	0.6654999999999821	1541
0.8576051779935275	0.665999999999982	1542
0.8576051779935275	0.666499999999982	1543
0.8576051779935275	0.6669999999999819	1543
0.8576051779935275	0.6674999999999819	1545
0.8576051779935275	0.6679999999999818	1545
0.8680465717981889	0.6684999999999818	1546
0.8680465717981889	0.6689999999999817	1546
0.8680465717981889	0.6694999999999817	1546
0.8680465717981889	0.6699999999999816	1546
0.8680465717981889	0.6704999999999816	1546
0.8680465717981889	0.6709999999999815	1546
0.8680465717981889	0.6714999999999814	1546
0.869340232858991	0.6719999999999814	1546
0.869340232858991	0.6724999999999813	1546
0.869340232858991	0.6729999999999813	1546
0.8846153846153846	0.6734999999999812	1560
0.8846153846153846	0.6739999999999812	1560
0.8846153846153846	0.6744999999999811	1560
0.8852564102564102	0.6749999999999811	1560
0.8852564102564102	0.675499999999981	1560
0.8852564102564102	0.675999999999981	1560
0.8852564102564102	0.6764999999999809	1560
0.8852564102564102	0.6769999999999808	1560
0.8852564102564102	0.6774999999999808	1560
0.885403329065301	0.6779999999999807	1562
0.8861892583120204	0.6784999999999807	1562
0.8861892583120204	0.6789999999999806	1562
0.8861892583120204	0.6794999999999806	1564
0.8868286445012787	0.6799999999999805	1564
0.8901660280970626	0.6804999999999805	1566
0.8901660280970626	0.6809999999999804	1566
0.8901660280970626	0.6814999999999803	1566
0.8908045977011494	0.6819999999999803	1566
0.8920817369093231	0.6824999999999802	1566
0.8920817369093231	0.6829999999999802	1566
0.89272030651341	0.6834999999999801	1566
0.8933588761174968	0.6839999999999801	1566
0.8933588761174968	0.68449999999998	1566
0.8939974457215837	0.68499999999998	1566
0.8939974457215837	0.6854999999999799	1566
0.8939974457215837	0.6859999999999798	1566
0.8939974457215837	0.6864999999999798	1566
0.8946360153256705	0.6869999999999797	1566
0.8949044585987261	0.6874999999999797	1567
0.8949044585987261	0.6879999999999796	1567
0.8949044585987261	0.6884999999999796	1567
0.8949044585987261	0.6889999999999795	1567
0.8949044585987261	0.6894999999999795	1567
0.8949044585987261	0.6899999999999794	1567
0.8949044585987261	0.6904999999999794	1568
0.8949044585987261	0.6909999999999793	1568
0.8949044585987261	0.6914999999999792	1569
0.8949044585987261	0.6919999999999792	1570
0.8949044585987261	0.6924999999999791	1570
0.8955414012738854	0.6929999999999791	1570
0.8955414012738854	0.693499999999979	1570
0.8955414012738854	0.693999999999979	1570
0.8955414012738854	0.6944999999999789	1570
0.8962444302991726	0.6949999999999789	1571
0.8962444302991726	0.6954999999999788	1571
0.8962444302991726	0.6959999999999787	1571
0.8962444302991726	0.6964999999999787	1571
0.8962444302991726	0.6969999999999786	1571
0.8962444302991726	0.6974999999999786	1571
0.8975175047740293	0.6979999999999785	1571
0.8975826972010178	0.6984999999999785	1572
0.8975826972010178	0.6989999999999784	1572
0.8975826972010178	0.6994999999999784	1572
0.8975826972010178	0.6999999999999783	1572
0.8975826972010178	0.7004999999999783	1572
0.8975826972010178	0.7009999999999782	1572
0.8982188295165394	0.7014999999999781	1572
0.8983481575603558	0.7019999999999781	1574
0.8984126984126984	0.702499999999978	1575
0.8984126984126984	0.702999999999978	1575
0.8984126984126984	0.7034999999999779	1575
0.9010152284263959	0.7039999999999779	1575
0.9010152284263959	0.7044999999999778	1576
0.9010152284263959	0.7049999999999778	1576
0.9010152284263959	0.7054999999999777	1576
0.9010152284263959	0.7059999999999776	1576
0.9010152284263959	0.7064999999999776	1576
0.9010152284263959	0.7069999999999775	1576
0.9010152284263959	0.7074999999999775	1576
0.9010152284263959	0.7079999999999774	1576
0.9010779961953076	0.7084999999999774	1576
0.9010779961953076	0.7089999999999773	1576
0.9010779961953076	0.7094999999999773	1576
0.9010779961953076	0.7099999999999772	1576
0.9010779961953076	0.7104999999999771	1576
0.9010779961953076	0.7109999999999771	1576
0.9010779961953076	0.711499999999977	1577
0.901712111604312	0.711999999999977	1577
0.9062103929024081	0.7124999999999769	1578
0.9074778200253485	0.7129999999999769	1578
0.9075364154528183	0.7134999999999768	1579
0.9075364154528183	0.7139999999999768	1579
0.9122474747474747	0.7144999999999767	1584
0.9128787878787878	0.7149999999999767	1584
0.9128787878787878	0.7154999999999766	1584
0.9128787878787878	0.7159999999999765	1584
0.9128787878787878	0.7164999999999765	1584
0.913510101010101	0.7169999999999764	1584
0.913510101010101	0.7174999999999764	1584
0.913510101010101	0.7179999999999763	1584
0.913510101010101	0.7184999999999763	1584
0.913510101010101	0.7189999999999762	1584
0.913510101010101	0.7194999999999762	1584
0.913510101010101	0.7199999999999761	1584
0.913510101010101	0.720499999999976	1584
0.913510101010101	0.720999999999976	1584
0.913510101010101	0.7214999999999759	1584
0.9141414141414141	0.7219999999999759	1584
0.9160353535353535	0.7224999999999758	1584
0.9160353535353535	0.7229999999999758	1584
0.9179292929292929	0.7234999999999757	1584
0.9179292929292929	0.7239999999999757	1584
0.9179292929292929	0.7244999999999756	1584
0.9179292929292929	0.7249999999999756	1584
0.9185606060606061	0.7254999999999755	1584
0.9185606060606061	0.7259999999999754	1584
0.9185606060606061	0.7264999999999754	1584
0.9191919191919192	0.7269999999999753	1584
0.9198232323232324	0.7274999999999753	1584
0.9198232323232324	0.7279999999999752	1584
0.9198232323232324	0.7284999999999752	1584
0.9198232323232324	0.7289999999999751	1584
0.9198232323232324	0.7294999999999751	1584
0.9198232323232324	0.729999999999975	1584
0.9198232323232324	0.730499999999975	1584
0.9198232323232324	0.7309999999999749	1584
0.9198232323232324	0.7314999999999748	1584
0.9198738170347003	0.7319999999999748	1584
0.9198738170347003	0.7324999999999747	1584
0.9198738170347003	0.7329999999999747	1585
0.9199243379571248	0.7334999999999746	1586
0.9199243379571248	0.7339999999999746	1586
0.9199243379571248	0.7344999999999745	1586
0.9205548549810845	0.7349999999999745	1586
0.9205548549810845	0.7354999999999744	1586
0.9205548549810845	0.7359999999999743	1586
0.9206049149338374	0.7364999999999743	1586
0.9206049149338374	0.7369999999999742	1586
0.9206049149338374	0.7374999999999742	1587
0.921865154379332	0.7379999999999741	1587
0.9224952741020794	0.7384999999999741	1587
0.9243856332703214	0.738999999999974	1587
0.9243856332703214	0.739499999999974	1587
0.9251572327044025	0.7399999999999739	1588
0.9251572327044025	0.7404999999999738	1588
0.9251572327044025	0.7409999999999738	1588
0.9251572327044025	0.7414999999999737	1588
0.9251572327044025	0.7419999999999737	1588
0.9251572327044025	0.7424999999999736	1590
0.9252042740414833	0.7429999999999736	1591
0.9252042740414833	0.7434999999999735	1591
0.9252042740414833	0.7439999999999735	1591
0.9252042740414833	0.7444999999999734	1591
0.9258328095537398	0.7449999999999734	1591
0.9258328095537398	0.7454999999999733	1591
0.9374609130706691	0.7459999999999732	1595
0.9374609130706691	0.7464999999999732	1595
0.9374609130706691	0.7469999999999731	1595
0.9374609130706691	0.7474999999999731	1596
0.9374609130706691	0.747999999999973	1596
0.9374609130706691	0.748499999999973	1596
0.9374609130706691	0.7489999999999729	1596
0.9374609130706691	0.7494999999999729	1596
0.9374609130706691	0.7499999999999728	1596
0.9374609130706691	0.7504999999999727	1596
0.9374609130706691	0.7509999999999727	1596
0.9374609130706691	0.7514999999999726	1596
0.9374609130706691	0.7519999999999726	1599
0.9374609130706691	0.7524999999999725	1599
0.9374609130706691	0.7529999999999725	1599
0.9375	0.7534999999999724	1600
0.939375	0.7539999999999724	1600
0.939375	0.7544999999999723	1600
0.939375	0.7549999999999722	1600
0.939375	0.7554999999999722	1600
0.939375	0.7559999999999721	1600
0.9400374765771393	0.7564999999999721	1601
0.9400374765771393	0.756999999999972	1601
0.9444444444444444	0.757499999999972	1602
0.9444444444444444	0.7579999999999719	1602
0.9445137157107232	0.7584999999999719	1602
0.9445137157107232	0.7589999999999718	1602
0.9445137157107232	0.7594999999999718	1603
0.9445137157107232	0.7599999999999717	1604
0.9445137157107232	0.7604999999999716	1604
0.9445137157107232	0.7609999999999716	1604
0.9445137157107232	0.7614999999999715	1604
0.9445137157107232	0.7619999999999715	1604
0.9445482866043614	0.7624999999999714	1605
0.9451713395638629	0.7629999999999714	1605
0.9451713395638629	0.7634999999999713	1605
0.9451713395638629	0.7639999999999713	1605
0.9451713395638629	0.7644999999999712	1605
0.9451713395638629	0.7649999999999711	1605
0.9451713395638629	0.7654999999999711	1605
0.9452054794520548	0.765999999999971	1605
0.9452054794520548	0.766499999999971	1606
0.9452054794520548	0.7669999999999709	1606
0.9452054794520548	0.7674999999999709	1606
0.9458281444582815	0.7679999999999708	1606
0.9458281444582815	0.7684999999999708	1606
0.9465174129353234	0.7689999999999707	1608
0.9465174129353234	0.7694999999999707	1608
0.9465506525792418	0.7699999999999706	1608
0.9465506525792418	0.7704999999999705	1609
0.9484472049689441	0.7709999999999705	1609
0.9484472049689441	0.7714999999999704	1610
0.9484472049689441	0.7719999999999704	1610
0.9484472049689441	0.7724999999999703	1610
0.9490683229813665	0.7729999999999703	1610
0.9499072356215214	0.7734999999999702	1610
0.9499072356215214	0.7739999999999702	1611
0.9499072356215214	0.7744999999999701	1611
0.9499072356215214	0.77499999999997	1611
0.9499072356215214	0.77549999999997	1611
0.9499072356215214	0.7759999999999699	1611
0.9499072356215214	0.7764999999999699	1611
0.9499072356215214	0.7769999999999698	1611
0.9499072356215214	0.7774999999999698	1611
0.9499072356215214	0.7779999999999697	1611
0.9499072356215214	0.7784999999999697	1611
0.9499072356215214	0.7789999999999696	1612
0.9499072356215214	0.7794999999999696	1612
0.9499072356215214	0.7799999999999695	1612
0.9499072356215214	0.7804999999999694	1613
0.9499072356215214	0.7809999999999694	1613
0.9499072356215214	0.7814999999999693	1613
0.9499072356215214	0.7819999999999693	1613
0.9499072356215214	0.7824999999999692	1613
0.9499072356215214	0.7829999999999692	1615
0.9499072356215214	0.7834999999999691	1615
0.9499072356215214	0.783999999999969	1616
0.9499072356215214	0.784499999999969	1617
0.9499072356215214	0.784999999999969	1617
0.9505256648113791	0.7854999999999689	1617
0.9511440940012369	0.7859999999999688	1617
0.9511440940012369	0.7864999999999688	1617
0.9511440940012369	0.7869999999999687	1617
0.9511440940012369	0.7874999999999687	1617
0.9511440940012369	0.7879999999999686	1617
0.9511440940012369	0.7884999999999686	1617
0.9511440940012369	0.7889999999999685	1617
0.9548546691403834	0.7894999999999684	1617
0.9548546691403834	0.7899999999999684	1617
0.9548546691403834	0.7904999999999683	1617
0.9548546691403834	0.7909999999999683	1617
0.9554730983302412	0.7914999999999682	1617
0.9555829734731647	0.7919999999999682	1617
0.9555829734731647	0.7924999999999681	1617
0.9555829734731647	0.7929999999999681	1617
0.9555829734731647	0.793499999999968	1617
0.9555829734731647	0.793999999999968	1617
0.9555829734731647	0.7944999999999679	1617
0.9555829734731647	0.7949999999999678	1617
0.9555829734731647	0.7954999999999678	1617
0.9555829734731647	0.7959999999999677	1621
0.9624384236453202	0.7964999999999677	1624
0.9624615384615385	0.7969999999999676	1625
0.9624615384615385	0.7974999999999676	1625
0.9643515673017824	0.7979999999999675	1626
0.9643515673017824	0.7984999999999675	1626
0.9643515673017824	0.7989999999999674	1627
0.9643515673017824	0.7994999999999673	1627
0.9643515673017824	0.7999999999999673	1627
0.9643734643734644	0.8004999999999672	1628
0.9643734643734644	0.8009999999999672	1628
0.9643734643734644	0.8014999999999671	1628
0.964987714987715	0.8019999999999671	1628
0.964987714987715	0.802499999999967	1628
0.964987714987715	0.802999999999967	1628
0.9656230816451811	0.8034999999999669	1628
0.9656230816451811	0.8039999999999669	1629
0.9656230816451811	0.8044999999999668	1629
0.9668508287292817	0.8049999999999667	1629
0.9668508287292817	0.8054999999999667	1629
0.9693063228974831	0.8059999999999666	1629
0.9693063228974831	0.8064999999999666	1629
0.9693063228974831	0.8069999999999665	1629
0.9693063228974831	0.8074999999999665	1629
0.9699201964395334	0.8079999999999664	1629
0.9717791411042945	0.8084999999999664	1630
0.9781155015197568	0.8089999999999663	1645
0.9793313069908814	0.8094999999999662	1645
0.9793313069908814	0.8099999999999662	1645
0.9793313069908814	0.8104999999999661	1645
0.9799392097264438	0.8109999999999661	1645
0.9811550151975684	0.811499999999966	1645
0.9811550151975684	0.811999999999966	1645
0.9811550151975684	0.8124999999999659	1645
0.9811550151975684	0.8129999999999659	1645
0.9817739975698664	0.8134999999999658	1646
0.9817739975698664	0.8139999999999658	1646
0.9817739975698664	0.8144999999999657	1646
0.9817739975698664	0.8149999999999656	1646
0.9817739975698664	0.8154999999999656	1646
0.9817739975698664	0.8159999999999655	1646
0.9817739975698664	0.8164999999999655	1646
0.9817850637522769	0.8169999999999654	1646
0.9817850637522769	0.8174999999999654	1646
0.9817850637522769	0.8179999999999653	1647
0.9817850637522769	0.8184999999999653	1647
0.9817850637522769	0.8189999999999652	1647
0.9823922282938676	0.8194999999999651	1647
0.9824029126213593	0.8199999999999651	1648
0.9824029126213593	0.820499999999965	1648
0.9830097087378641	0.820999999999965	1648
0.9830097087378641	0.8214999999999649	1648
0.9830097087378641	0.8219999999999649	1648
0.9848392965433597	0.8224999999999648	1649
0.9848392965433597	0.8229999999999648	1649
0.9848484848484849	0.8234999999999647	1650
0.9848484848484849	0.8239999999999646	1650
0.9848484848484849	0.8244999999999646	1650
0.9854545454545455	0.8249999999999645	1650
0.9854545454545455	0.8254999999999645	1650
0.9854633555420957	0.8259999999999644	1651
0.9860690490611751	0.8264999999999644	1651
0.9860690490611751	0.8269999999999643	1651
0.9860690490611751	0.8274999999999643	1651
0.9860690490611751	0.8279999999999642	1651
0.9866747425802543	0.8284999999999642	1651
0.9866747425802543	0.8289999999999641	1651
0.9866747425802543	0.829499999999964	1651
0.9866747425802543	0.829999999999964	1651
0.9866747425802543	0.8304999999999639	1651
0.9866747425802543	0.8309999999999639	1651
0.9867310012062727	0.8314999999999638	1658
0.9867389993972272	0.8319999999999638	1658
0.9867389993972272	0.8324999999999637	1658
0.9867389993972272	0.8329999999999637	1659
0.9867947178871549	0.8334999999999636	1660
0.9867947178871549	0.8339999999999635	1660
0.9867947178871549	0.8344999999999635	1660
0.9867947178871549	0.8349999999999634	1660
0.9867947178871549	0.8354999999999634	1660
0.9867947178871549	0.8359999999999633	1660
0.9867947178871549	0.8364999999999633	1660
0.9867947178871549	0.8369999999999632	1661
0.9867947178871549	0.8374999999999632	1661
0.9867947178871549	0.8379999999999631	1661
0.9867947178871549	0.838499999999963	1661
0.9867947178871549	0.838999999999963	1661
0.9867947178871549	0.8394999999999629	1661
0.9867947178871549	0.8399999999999629	1661
0.9867947178871549	0.8404999999999628	1661
0.9867947178871549	0.8409999999999628	1661
0.9867947178871549	0.8414999999999627	1661
0.9867947178871549	0.8419999999999627	1665
0.9867947178871549	0.8424999999999626	1666
0.986810551558753	0.8429999999999626	1666
0.986810551558753	0.8434999999999625	1668
0.986810551558753	0.8439999999999624	1668
0.986810551558753	0.8444999999999624	1668
0.986810551558753	0.8449999999999623	1668
0.988016776512882	0.8454999999999623	1669
0.9886159376872379	0.8459999999999622	1669
0.9898142600359496	0.8464999999999622	1669
0.9898142600359496	0.8469999999999621	1669
0.9898142600359496	0.8474999999999621	1669
0.9898142600359496	0.847999999999962	1669
0.9904134212103056	0.848499999999962	1669
0.9904134212103056	0.8489999999999619	1669
0.9910125823846615	0.8494999999999618	1669
0.9910125823846615	0.8499999999999618	1669
0.9916117435590174	0.8504999999999617	1669
0.9922109047333733	0.8509999999999617	1669
0.9922155688622755	0.8514999999999616	1669
0.9922155688622755	0.8519999999999616	1670
0.9928143712574851	0.8524999999999615	1670
0.9928143712574851	0.8529999999999615	1670
0.9928143712574851	0.8534999999999614	1670
0.992831541218638	0.8539999999999613	1670
0.992831541218638	0.8544999999999613	1670
0.992831541218638	0.8549999999999612	1670
0.992831541218638	0.8554999999999612	1670
0.992831541218638	0.8559999999999611	1670
0.992831541218638	0.8564999999999611	1670
0.992831541218638	0.856999999999961	1670
0.992831541218638	0.857499999999961	1670
0.992831541218638	0.8579999999999609	1670
0.992831541218638	0.8584999999999608	1670
0.992831541218638	0.8589999999999608	1670
0.992831541218638	0.8594999999999607	1672
0.992831541218638	0.8599999999999607	1672
0.992831541218638	0.8604999999999606	1674
0.9934289127837514	0.8609999999999606	1674
1.0	0.8614999999999605	1679
1.0	0.8619999999999605	1679
1.0	0.8624999999999604	1691
1.0	0.8629999999999604	1691
1.0	0.8634999999999603	1692
1.0	0.8639999999999602	1692
1.0	0.8644999999999602	1692
1.0	0.8649999999999601	1692
1.0	0.8654999999999601	1692
1.0	0.86599999999996	1695
1.0	0.86649999999996	1695
1.0	0.8669999999999599	1695
1.0	0.8674999999999599	1696
1.0	0.8679999999999598	1696
1.0	0.8684999999999597	1696
1.0	0.8689999999999597	1696
1.0	0.8694999999999596	1696
1.0	0.8699999999999596	1696
1.0	0.8704999999999595	1696
1.0	0.8709999999999595	1696
1.0	0.8714999999999594	1696
1.0	0.8719999999999594	1696
1.0	0.8724999999999593	1696
1.0	0.8729999999999593	1696
1.0	0.8734999999999592	1696
1.0	0.8739999999999591	1696
1.0	0.8744999999999591	1696
1.0	0.874999999999959	1696
1.0	0.875499999999959	1696
1.0	0.8759999999999589	1696
1.0	0.8764999999999589	1696
1.0	0.8769999999999588	1696
1.0	0.8774999999999588	1696
1.0	0.8779999999999587	1697
1.0	0.8784999999999586	1697
1.0	0.8789999999999586	1697
1.0	0.8794999999999585	1697
1.0	0.8799999999999585	1697
1.0	0.8804999999999584	1697
1.0	0.8809999999999584	1697
1.0	0.8814999999999583	1697
1.0	0.8819999999999583	1697
1.0	0.8824999999999582	1697
1.0	0.8829999999999582	1697
1.0	0.8834999999999581	1697
1.0	0.883999999999958	1697
1.0	0.884499999999958	1697
1.0	0.8849999999999579	1698
1.0	0.8854999999999579	1698
1.0	0.8859999999999578	1698
1.0	0.8864999999999578	1699
1.0	0.8869999999999577	1699
1.0	0.8874999999999577	1699
1.0	0.8879999999999576	1701
1.0	0.8884999999999575	1701
1.0	0.8889999999999575	1704
1.0	0.8894999999999574	1704
1.0	0.8899999999999574	1704
1.0	0.8904999999999573	1704
1.0	0.8909999999999573	1704
1.0	0.8914999999999572	1704
1.0	0.8919999999999572	1704
1.0	0.8924999999999571	1704
1.0	0.892999999999957	1704
1.0	0.893499999999957	1704
1.0	0.8939999999999569	1704
1.0	0.8944999999999569	1704
1.0	0.8949999999999568	1704
1.0	0.8954999999999568	1704
1.0	0.8959999999999567	1704
1.0	0.8964999999999567	1704
1.0	0.8969999999999566	1704
1.0	0.8974999999999566	1706
1.0	0.8979999999999565	1706
1.0	0.8984999999999564	1706
1.0	0.8989999999999564	1706
1.0	0.8994999999999563	1706
1.0	0.8999999999999563	1706
1.0	0.9004999999999562	1708
1.0	0.9009999999999562	1708
1.0	0.9014999999999561	1708
1.0	0.9019999999999561	1708
1.0	0.902499999999956	1708
1.0	0.902999999999956	1721
1.0	0.9034999999999559	1721
1.0	0.9039999999999558	1721
1.0	0.9044999999999558	1721
1.0	0.9049999999999557	1723
1.0	0.9054999999999557	1723
1.0	0.9059999999999556	1723
1.0	0.9064999999999556	1723
1.0	0.9069999999999555	1723
1.0	0.9074999999999555	1723
1.0	0.9079999999999554	1723
1.0	0.9084999999999553	1724
1.0	0.9089999999999553	1724
1.0	0.9094999999999552	1724
1.0	0.9099999999999552	1725
1.0	0.9104999999999551	1725
1.0	0.9109999999999551	1726
1.0	0.911499999999955	1726
1.0	0.911999999999955	1728
1.0	0.9124999999999549	1728
1.0	0.9129999999999548	1729
1.0	0.9134999999999548	1729
1.0	0.9139999999999547	1729
1.0	0.9144999999999547	1729
1.0	0.9149999999999546	1729
1.0	0.9154999999999546	1730
1.0	0.9159999999999545	1730
1.0	0.9164999999999545	1730
1.0	0.9169999999999544	1730
1.0	0.9174999999999544	1731
1.0	0.9179999999999543	1731
1.0	0.9184999999999542	1731
1.0	0.9189999999999542	1733
1.0	0.9194999999999541	1734
1.0	0.9199999999999541	1734
1.0	0.920499999999954	1735
1.0	0.920999999999954	1735
1.0	0.9214999999999539	1735
1.0	0.9219999999999539	1735
1.0	0.9224999999999538	1737
1.0	0.9229999999999537	1737
1.0	0.9234999999999537	1737
1.0	0.9239999999999536	1737
1.0	0.9244999999999536	1737
1.0	0.9249999999999535	1737
1.0	0.9254999999999535	1737
1.0	0.9259999999999534	1737
1.0	0.9264999999999534	1737
1.0	0.9269999999999533	1742
1.0	0.9274999999999533	1742
1.0	0.9279999999999532	1742
1.0	0.9284999999999531	1743
1.0	0.9289999999999531	1743
1.0	0.929499999999953	1743
1.0	0.929999999999953	1745
1.0	0.9304999999999529	1745
1.0	0.9309999999999529	1746
1.0	0.9314999999999528	1746
1.0	0.9319999999999528	1746
1.0	0.9324999999999527	1746
1.0	0.9329999999999526	1747
1.0	0.9334999999999526	1747
1.0	0.9339999999999525	1747
1.0	0.9344999999999525	1748
1.0	0.9349999999999524	1748
1.0	0.9354999999999524	1748
1.0	0.9359999999999523	1748
1.0	0.9364999999999523	1748
1.0	0.9369999999999522	1748
1.0	0.9374999999999521	1748
1.0	0.9379999999999521	1749
1.0	0.938499999999952	1749
1.0	0.938999999999952	1749
1.0	0.9394999999999519	1749
1.0	0.9399999999999519	1749
1.0	0.9404999999999518	1749
1.0	0.9409999999999518	1751
1.0	0.9414999999999517	1752
1.0	0.9419999999999517	1752
1.0	0.9424999999999516	1752
1.0	0.9429999999999515	1752
1.0	0.9434999999999515	1752
1.0	0.9439999999999514	1752
1.0	0.9444999999999514	1752
1.0	0.9449999999999513	1752
1.0	0.9454999999999513	1752
1.0	0.9459999999999512	1752
1.0	0.9464999999999512	1753
1.0	0.9469999999999511	1764
1.0	0.947499999999951	1767
1.0	0.947999999999951	1767
1.0	0.9484999999999509	1767
1.0	0.9489999999999509	1767
1.0	0.9494999999999508	1767
1.0	0.9499999999999508	1767
1.0	0.9504999999999507	1768
1.0	0.9509999999999507	1768
1.0	0.9514999999999506	1769
1.0	0.9519999999999506	1770
1.0	0.9524999999999505	1770
1.0	0.9529999999999504	1771
1.0	0.9534999999999504	1771
1.0	0.9539999999999503	1771
1.0	0.9544999999999503	1771
1.0	0.9549999999999502	1772
1.0	0.9554999999999502	1772
1.0	0.9559999999999501	1772
1.0	0.9564999999999501	1772
1.0	0.95699999999995	1773
1.0	0.95749999999995	1774
1.0	0.9579999999999499	1774
1.0	0.9584999999999498	1775
1.0	0.9589999999999498	1776
1.0	0.9594999999999497	1776
1.0	0.9599999999999497	1778
1.0	0.9604999999999496	1778
1.0	0.9609999999999496	1779
1.0	0.9614999999999495	1779
1.0	0.9619999999999495	1779
1.0	0.9624999999999494	1779
1.0	0.9629999999999493	1780
1.0	0.9634999999999493	1780
1.0	0.9639999999999492	1780
1.0	0.9644999999999492	1781
1.0	0.9649999999999491	1781
1.0	0.9654999999999491	1781
1.0	0.965999999999949	1783
1.0	0.966499999999949	1783
1.0	0.9669999999999489	1783
1.0	0.9674999999999488	1783
1.0	0.9679999999999488	1784
1.0	0.9684999999999487	1784
1.0	0.9689999999999487	1784
1.0	0.9694999999999486	1784
1.0	0.9699999999999486	1785
1.0	0.9704999999999485	1785
1.0	0.9709999999999485	1785
1.0	0.9714999999999484	1785
1.0	0.9719999999999483	1785
1.0	0.9724999999999483	1785
1.0	0.9729999999999482	1785
1.0	0.9734999999999482	1786
1.0	0.9739999999999481	1787
1.0	0.9744999999999481	1787
1.0	0.974999999999948	1788
1.0	0.975499999999948	1789
1.0	0.9759999999999479	1789
1.0	0.9764999999999479	1789
1.0	0.9769999999999478	1789
1.0	0.9774999999999477	1790
1.0	0.9779999999999477	1791
1.0	0.9784999999999476	1791
1.0	0.9789999999999476	1791
1.0	0.9794999999999475	1791
1.0	0.9799999999999475	1791
1.0	0.9804999999999474	1791
1.0	0.9809999999999474	1793
1.0	0.9814999999999473	1793
1.0	0.9819999999999472	1793
1.0	0.9824999999999472	1794
1.0	0.9829999999999471	1797
1.0	0.9834999999999471	1797
1.0	0.983999999999947	1805
1.0	0.984499999999947	1805
1.0	0.9849999999999469	1805
1.0	0.9854999999999469	1805
1.0	0.9859999999999468	1805
1.0	0.9864999999999468	1805
1.0	0.9869999999999467	1805
1.0	0.9874999999999466	1805
1.0	0.9879999999999466	1805
1.0	0.9884999999999465	1805
1.0	0.9889999999999465	1808
1.0	0.9894999999999464	1809
1.0	0.9899999999999464	1809
1.0	0.9904999999999463	1810
1.0	0.9909999999999463	1811
1.0	0.9914999999999462	1812
1.0	0.9919999999999461	1812
1.0	0.9924999999999461	1814
1.0	0.992999999999946	1817
1.0	0.993499999999946	1817
1.0	0.9939999999999459	1817
1.0	0.9944999999999459	1818
1.0	0.9949999999999458	1821
1.0	0.9954999999999458	1823
1.0	0.9959999999999457	1824
1.0	0.9964999999999457	1825
1.0	0.9969999999999456	1830
1.0	0.9974999999999455	1832
1.0	0.9979999999999455	1833
1.0	0.9984999999999454	1841
1.0	0.9989999999999454	1845
1.0	0.9994999999999453	1845
1.0	0.9999999999999453	1853
1.0	1.0004999999999453	1853
1.0	1.0009999999999453	1853
1.0	1.0014999999999452	1853
1.0	1.0019999999999452	1853
1.0	1.002499999999945	1853
1.0	1.002999999999945	1853
1.0	1.003499999999945	1853
1.0	1.003999999999945	1853
1.0	1.0044999999999449	1853
1.0	1.0049999999999448	1853
1.0	1.0054999999999448	1853
1.0	1.0059999999999447	1853
1.0	1.0064999999999447	1853
1.0	1.0069999999999446	1853
1.0	1.0074999999999446	1853
1.0	1.0079999999999445	1853
1.0	1.0084999999999444	1853
1.0	1.0089999999999444	1853
1.0	1.0094999999999443	1853
1.0	1.0099999999999443	1853
